-9.000000 10.755907 0.000000
5
5.000000 23.709559 5.000000
-40.000000 -8.018383 0.000000
1.000000 0.000000 0.000000 0.000000
1.000000 0.000000 0.000000
0.000000 1.000000 0.000000
0.000000 0.000000 1.000000
17.500000 5.000000 5.000000
17.500000 23.272058 0.000000
1.000000 0.000000 0.000000 0.000000
1.000000 0.000000 0.000000
0.000000 1.000000 0.000000
0.000000 0.000000 1.000000
5.000000 29.999999 5.000000
40.000000 -1.727941 0.000000
1.000000 0.000000 0.000000 0.000000
1.000000 0.000000 0.000000
0.000000 1.000000 0.000000
0.000000 0.000000 1.000000
5.000000 1.290315 5.000000
-40.000000 16.981743 0.000000
1.000000 0.000000 0.000000 0.000000
1.000000 0.000000 0.000000
0.000000 1.000000 0.000000
0.000000 0.000000 1.000000
22.500000 5.000000 5.000000
-22.500000 23.272058 0.000000
1.000000 0.000000 0.000000 0.000000
1.000000 0.000000 0.000000
0.000000 1.000000 0.000000
0.000000 0.000000 1.000000
