-0.153846 0.000000 0.223014
6
14.024616 9.500000 1.880730
37.986129 0.000000 -11.839468
0.999875 0.000000 -0.015813 0.000000
0.999500 0.000000 -0.031622
0.000000 1.000000 0.000000
0.031622 0.000000 0.999500
14.024616 9.500000 1.880730
-37.986129 0.000000 -11.839468
0.999875 0.000000 0.015813 0.000000
0.999500 0.000000 0.031622
0.000000 1.000000 0.000000
-0.031622 0.000000 0.999500
1.000000 9.500000 11.561111
-25.000000 0.000000 1.161111
1.000000 0.000000 0.000000 0.000000
1.000000 0.000000 0.000000
0.000000 1.000000 0.000000
0.000000 0.000000 1.000000
13.000000 9.500000 1.000000
-13.000000 0.000000 13.722222
1.000000 0.000000 0.000000 0.000000
1.000000 0.000000 0.000000
0.000000 1.000000 0.000000
0.000000 0.000000 1.000000
12.000000 9.500000 1.000000
12.000000 0.000000 13.722222
1.000000 0.000000 0.000000 0.000000
1.000000 0.000000 0.000000
0.000000 1.000000 0.000000
0.000000 0.000000 1.000000
1.000000 9.500000 12.561111
25.000000 0.000000 2.161111
1.000000 0.000000 0.000000 0.000000
1.000000 0.000000 0.000000
0.000000 1.000000 0.000000
0.000000 0.000000 1.000000
