0 -65.250000 -78.300000 0.000000 40.000000 58.823529
1 78.300000 23.850000 -0.785398 40.000000 11.764706
2 27.450000 -76.950000 0.785398 40.000000 58.823529
3 -25.200000 34.200000 0.000000 40.000000 58.823529
4 75.600000 -78.300000 -1.570796 40.000000 11.764706
5 -15.300000 -77.850000 0.785398 40.000000 58.823529
6 -29.700000 -78.300000 0.785398 40.000000 11.764706
7 -78.300000 -52.650000 0.785398 40.000000 11.764706
0 25.200000 -52.200000 0.000000 40.000000 11.764706
1 63.900000 -59.850000 -0.785398 40.000000 11.764706
2 24.300000 40.500000 -0.785398 40.000000 11.764706
3 -78.300000 47.700000 0.000000 40.000000 11.764706
4 -77.850000 62.100000 -0.785398 40.000000 11.764706
5 78.750000 11.700000 0.000000 40.000000 11.764706
6 78.750000 -23.850000 -1.570796 40.000000 11.764706
7 78.750000 -27.000000 -1.570796 40.000000 11.764706
8 48.600000 40.500000 -1.570796 40.000000 11.764706
9 16.650000 61.200000 0.000000 40.000000 11.764706
10 -60.750000 -21.600000 -1.570796 40.000000 58.823529
11 76.950000 -4.500000 0.785398 40.000000 11.764706
12 78.750000 29.250000 -1.570796 40.000000 35.294118
13 -78.300000 -59.850000 -0.785398 40.000000 11.764706
14 -51.750000 -64.800000 0.000000 40.000000 35.294118
15 -77.850000 -39.150000 -0.785398 40.000000 11.764706
16 -61.650000 -3.150000 -1.570796 40.000000 11.764706
17 52.650000 -66.150000 -1.570796 40.000000 11.764706
18 -43.200000 -55.800000 0.000000 40.000000 58.823529
19 29.250000 -19.350000 0.785398 40.000000 58.823529
20 20.250000 78.750000 -1.570796 40.000000 11.764706
21 38.700000 -17.550000 0.785398 40.000000 35.294118
22 31.500000 -13.950000 0.785398 40.000000 11.764706
23 35.100000 -78.300000 -0.785398 40.000000 11.764706
24 -5.400000 -34.200000 -1.570796 40.000000 58.823529
25 -78.300000 25.650000 -0.785398 40.000000 11.764706
26 -40.950000 -54.450000 -1.570796 40.000000 11.764706
27 -76.500000 28.800000 -1.570796 40.000000 11.764706
28 -78.300000 68.400000 0.000000 40.000000 11.764706
29 -77.850000 37.800000 0.785398 40.000000 11.764706
30 56.700000 -32.400000 0.785398 40.000000 11.764706
31 -26.100000 -78.300000 0.785398 40.000000 11.764706
0 -55.350000 63.000000 -1.570796 40.000000 11.764706
0 69.750000 0.900000 -1.570796 40.000000 58.823529
1 -68.850000 45.000000 0.785398 40.000000 11.764706
0 -39.150000 76.950000 0.785398 40.000000 11.764706
0 -6.505430 33.768250 -1.178097 40.000000 52.086075
1 15.341021 -26.393497 -0.392699 40.000000 52.724945
