0 55.800000 -77.850000 0.000000 40.000000 11.764706
1 9.900000 72.000000 0.785398 40.000000 58.823529
2 -7.200000 -21.150000 -1.570796 40.000000 82.352941
0 -75.150000 -4.500000 -1.570796 40.000000 58.823529
0 67.950000 30.150000 0.000000 40.000000 11.764706
1 -41.850000 66.600000 -0.785398 40.000000 11.764706
2 -10.350000 -54.450000 -1.570796 40.000000 58.823529
3 33.300000 78.750000 -0.785398 40.000000 11.764706
4 63.000000 34.200000 -1.570796 40.000000 11.764706
5 69.750000 12.150000 -1.570796 40.000000 58.823529
6 -57.600000 78.750000 -0.785398 40.000000 11.764706
7 64.800000 3.600000 -1.570796 40.000000 11.764706
8 23.400000 -67.050000 0.000000 40.000000 11.764706
9 -69.300000 -72.450000 0.785398 40.000000 35.294118
10 59.400000 -63.900000 -0.785398 40.000000 11.764706
11 -9.900000 -78.300000 0.785398 40.000000 11.764706
12 13.050000 78.750000 -1.570796 40.000000 35.294118
13 -78.300000 48.600000 0.785398 40.000000 35.294118
14 77.850000 41.400000 -1.570796 40.000000 11.764706
15 55.350000 20.700000 -1.570796 40.000000 11.764706
16 73.800000 17.100000 0.000000 40.000000 11.764706
17 38.700000 54.900000 0.000000 40.000000 35.294118
18 -66.600000 0.450000 0.785398 40.000000 11.764706
19 -72.450000 19.350000 -1.570796 40.000000 58.823529
20 -77.400000 40.050000 0.785398 40.000000 11.764706
21 -61.200000 76.950000 -1.570796 40.000000 11.764706
22 66.150000 25.650000 -1.570796 40.000000 11.764706
23 63.900000 -34.650000 -1.570796 40.000000 35.294118
24 -26.100000 -47.700000 0.785398 40.000000 11.764706
0 53.100000 66.600000 0.000000 40.000000 11.764706
0 -57.600000 71.100000 -1.570796 40.000000 11.764706
0 -76.932011 25.214144 0.392699 40.000000 72.686386
0 82.936005 19.945808 -1.570796 40.000000 46.155613
